12,207
21,376
13,682
21,749
17,514
10,871
30,658
26,371
17,889
23,156
17,807
18,585
18,544
18,791
14,275
28,553
48,101
57,682
18,285
35,687
16,240
15,419
19,230
11,829
17,635
10,801
12,476
24,790
20,344
10,133
19,972
14,470
8,897
10,304
20,200
12,668
7,588
10,656
15,199
12,426
9,432
10,055
13,741
15,118
20,627
31,453
21,855
18,109
13,739
16,121
10,973
10,534
17,325
15,784
14,162
21,765
14,900
23,309
13,233
23,425
13,802
28,196
29,651
15,836
28,631
9,214
6,897
9,852
6,721
3,969
11,082
14,419
4,164
9,224
9,192
12,996
6,415
8,500
6,761
8,665
7,518
8,798
10,985
7,523
9,721
11,075
10,779
6,810
10,020
9,655
8,574
9,199
6,405
10,909
7,110
8,474
6,186
5,006
6,082
321,748
319,789
489,391
435,480
271,422
4,617
6,082
5,987
5,003
4,885
5,213
10,031
4,208
9,327
7,809
9,610
10,142
12,080
5,316
